1 320 5760 1 1
1 448 5760 1 0
2 540 5920 1 0
2 576 5760 1 0
1 960 5760 1 0
3 1216 5760 1 0
1 1278 5760 1 0
3 1278 5856 1 0
3 1856 5760 1 0
1 1856 5856 1 0
3 2304 5824 1 1
3 2432 5824 1 1
3 2592 5824 1 1
2 2656 5920 1 1
4 2144 5536 1 1
5 2750 4816 1 0
5 2750 5060 1 0
5 2750 4640 1 0
6 2302 4540 1 0
6 2176 4286 1 1
6 2432 4286 1 0
1 2592 4160 1 0
1 2302 4160 1 1
2 2400 3772 1 0
2 2590 3772 1 1
2 2720 3772 1 0
7 3520 3870 1 1
7 3776 3870 1 1
7 3904 3870 1 1
1 4444 3660 1 1
1 4576 3520 1 0
6 4320 3182 1 0
6 4380 3214 1 0
1 4320 2760 1 0
1 4446 2636 1 0
1 4320 2504 1 1
5 3870 2218 1 0
5 3586 2400 1 0
5 3616 1856 1 1
8 3846 1736 1 1
8 3600 1736 1 0
8 3540 1484 1 1
7 3866 1312 1 0
7 3200 1086 1 1
5 3716 832 1 0
5 3936 832 1 0
4 3716 702 1 1
4 3936 702 1 0
6 3216 624 1 1
6 3400 654 1 1
4 3872 448 1 0
6 4990 200 1 0
6 4736 200 1 0
6 4476 200 1 1
4 5344 350 1 0
4 5408 220 1 1
3 5440 144 1 0
3 5664 190 1 1
3 5848 138 1 0
3 5920 140 1 1
6 5984 222 1 1
6 6048 332 1 1
6 6016 446 1 1
6 6000 572 1 0
4 5984 732 1 0
4 5440 960 1 0
8 3296 2000 1 0
3 3322 2110 1 0
3 3190 2060 1 0
5 3600 2432 1 0